PROPERTY sim/west -180
PROPERTY sim/east 180
PROPERTY sim/north 90
PROPERTY sim/south -90
PROPERTY sim/planet earth
PROPERTY sim/creation_agent WorldEditor1.7.1r2
PROPERTY laminar/internal_revision 0
PROPERTY sim/overlay 1
FILTER 0
BEGIN_POLYGON 0 90 4
BEGIN_WINDING
POLYGON_POINT -96.805073209 43.454949090 -96.805073209 43.454949090
POLYGON_POINT -96.805065900 43.454873041 -96.805065900 43.454873041
POLYGON_POINT -96.804305054 43.454865866 -96.804305054 43.454865866
POLYGON_POINT -96.804305054 43.454865866 -96.804278255 43.454865866
POLYGON_POINT -96.804268498 43.454825479 -96.804268498 43.454825479
POLYGON_POINT -96.804275668 43.454631480 -96.804275668 43.454631480
POLYGON_POINT -96.804051583 43.454627942 -96.804051583 43.454627942
POLYGON_POINT -96.804049147 43.454666850 -96.804049147 43.454666850
POLYGON_POINT -96.803988260 43.454666850 -96.803988260 43.454666850
POLYGON_POINT -96.803944354 43.454637323 -96.803944354 43.454637323
POLYGON_POINT -96.803942426 43.454538458 -96.803942426 43.454538458
POLYGON_POINT -96.803827405 43.454483797 -96.803827405 43.454483797
POLYGON_POINT -96.803515835 43.454501382 -96.803515835 43.454501382
POLYGON_POINT -96.803529039 43.454569781 -96.803529039 43.454569781
POLYGON_POINT -96.803464435 43.454592409 -96.803464435 43.454592409
POLYGON_POINT -96.803615243 43.455016328 -96.803615243 43.455016328
POLYGON_POINT -96.803645115 43.454988562 -96.803645115 43.454988562
POLYGON_POINT -96.803771408 43.454962649 -96.803771408 43.454962649
POLYGON_POINT -96.803800849 43.455152000 -96.803800849 43.455152000
POLYGON_POINT -96.804000522 43.455139440 -96.804000522 43.455139440
POLYGON_POINT -96.803982004 43.454987463 -96.803982004 43.454987463
POLYGON_POINT -96.803982004 43.454987463 -96.803979568 43.454960935
POLYGON_POINT -96.804010093 43.454944098 -96.804010093 43.454944098
END_WINDING
END_POLYGON
BEGIN_POLYGON 0 107 4
BEGIN_WINDING
POLYGON_POINT -96.804089002 43.455046293 -96.804089002 43.455046293
POLYGON_POINT -96.804166548 43.455140965 -96.804166548 43.455140965
POLYGON_POINT -96.804266417 43.455095761 -96.804287566 43.455063351
POLYGON_POINT -96.804233519 43.455008765 -96.804233519 43.455008765
END_WINDING
END_POLYGON
BEGIN_POLYGON 1 182 2
BEGIN_WINDING
POLYGON_POINT -96.803407620 43.454015885
POLYGON_POINT -96.803408761 43.453886151
POLYGON_POINT -96.802485299 43.453880558
POLYGON_POINT -96.802481770 43.454008016
END_WINDING
END_POLYGON
BEGIN_POLYGON 1 181 2
BEGIN_WINDING
POLYGON_POINT -96.803537409 43.454016351
POLYGON_POINT -96.803539542 43.453886940
POLYGON_POINT -96.803484382 43.453887019
POLYGON_POINT -96.803483704 43.454015878
END_WINDING
END_POLYGON
BEGIN_POLYGON 1 183 2
BEGIN_WINDING
POLYGON_POINT -96.803970029 43.454020152
POLYGON_POINT -96.803971209 43.453889553
POLYGON_POINT -96.803602083 43.453888137
POLYGON_POINT -96.803602665 43.454016760
END_WINDING
END_POLYGON
BEGIN_POLYGON 1 90 2
BEGIN_WINDING
POLYGON_POINT -96.803219173 43.454693574
POLYGON_POINT -96.803113787 43.454711635
POLYGON_POINT -96.803198481 43.454956481
POLYGON_POINT -96.803299291 43.454937287
END_WINDING
END_POLYGON
BEGIN_POLYGON 1 90 2
BEGIN_WINDING
POLYGON_POINT -96.803349962 43.455148530
POLYGON_POINT -96.803326188 43.455157159
POLYGON_POINT -96.803315787 43.455192753
POLYGON_POINT -96.803370764 43.455361017
POLYGON_POINT -96.803425741 43.455353467
END_WINDING
END_POLYGON
BEGIN_POLYGON 1 75 2
BEGIN_WINDING
POLYGON_POINT -96.803962534 43.455492823
POLYGON_POINT -96.803922043 43.455382144
POLYGON_POINT -96.803741569 43.455418313
POLYGON_POINT -96.803780438 43.455528224
END_WINDING
END_POLYGON
BEGIN_POLYGON 1 74 2
BEGIN_WINDING
POLYGON_POINT -96.803871206 43.455783888
POLYGON_POINT -96.804016111 43.455756036
POLYGON_POINT -96.803952736 43.455579154
POLYGON_POINT -96.803808428 43.455608080
END_WINDING
END_POLYGON
BEGIN_POLYGON 1 74 4
BEGIN_WINDING
POLYGON_POINT -96.803499820 43.456165643 -96.803499820 43.456165643
POLYGON_POINT -96.803445926 43.456016442 -96.803445926 43.456016442
POLYGON_POINT -96.803356971 43.456033663 -96.803356971 43.456033663
POLYGON_POINT -96.803329188 43.455967834 -96.803329188 43.455967834
POLYGON_POINT -96.803422237 43.455950002 -96.803422237 43.455950002
POLYGON_POINT -96.803406817 43.455906994 -96.803406817 43.455906994
POLYGON_POINT -96.803327676 43.455922390 -96.803327676 43.455922390
POLYGON_POINT -96.803311369 43.455869638 -96.803311369 43.455869638
POLYGON_POINT -96.803387199 43.455856025 -96.803387199 43.455856025
POLYGON_POINT -96.803374258 43.455816600 -96.803374258 43.455816600
POLYGON_POINT -96.803299212 43.455832029 -96.803299212 43.455832029
POLYGON_POINT -96.803231421 43.455641090 -96.803231421 43.455641090
POLYGON_POINT -96.803305694 43.455628063 -96.803305694 43.455628063
POLYGON_POINT -96.803293526 43.455589290 -96.803293526 43.455589290
POLYGON_POINT -96.803223302 43.455602301 -96.803223302 43.455602301
POLYGON_POINT -96.803207801 43.455557243 -96.803207801 43.455557243
POLYGON_POINT -96.803277161 43.455543630 -96.803277161 43.455543630
POLYGON_POINT -96.803266781 43.455514862 -96.803266781 43.455514862
POLYGON_POINT -96.803116401 43.455545729 -96.803116401 43.455545729
POLYGON_POINT -96.803077132 43.455449076 -96.803077132 43.455449076
POLYGON_POINT -96.803052159 43.455453267 -96.803052159 43.455453267
POLYGON_POINT -96.803061985 43.455480015 -96.803061985 43.455480015
POLYGON_POINT -96.802988290 43.455493092 -96.802951632 43.455498209
POLYGON_POINT -96.802988290 43.455493092 -96.802988290 43.455493092
POLYGON_POINT -96.802988290 43.455493092 -96.802964321 43.455500256
POLYGON_POINT -96.802954717 43.455480015 -96.802954717 43.455480015
POLYGON_POINT -96.802954717 43.455480015 -96.802901140 43.455497414
POLYGON_POINT -96.802905481 43.455523865 -96.802905481 43.455523865
POLYGON_POINT -96.802941985 43.455618702 -96.802941985 43.455618702
POLYGON_POINT -96.803061734 43.455596801 -96.803061734 43.455596801
POLYGON_POINT -96.803123828 43.455744424 -96.803123828 43.455744424
POLYGON_POINT -96.802994969 43.455768092 -96.802994969 43.455768092
POLYGON_POINT -96.803007274 43.455806890 -96.803007274 43.455806890
POLYGON_POINT -96.803136918 43.455780836 -96.803136918 43.455780836
POLYGON_POINT -96.803180236 43.455898169 -96.803180236 43.455898169
POLYGON_POINT -96.803051250 43.455922440 -96.803051250 43.455922440
POLYGON_POINT -96.803059439 43.455951274 -96.803059439 43.455951274
POLYGON_POINT -96.803190120 43.455924634 -96.803190120 43.455924634
POLYGON_POINT -96.803196602 43.455941764 -96.803196602 43.455941764
POLYGON_POINT -96.803160457 43.455949465 -96.803160457 43.455949465
POLYGON_POINT -96.803172305 43.455977112 -96.803172305 43.455977112
POLYGON_POINT -96.803075758 43.455994524 -96.803075758 43.455994524
POLYGON_POINT -96.803088745 43.456032910 -96.803088745 43.456032910
POLYGON_POINT -96.803217869 43.456010331 -96.803217869 43.456010331
POLYGON_POINT -96.803277541 43.456164360 -96.803277541 43.456164360
POLYGON_POINT -96.803145857 43.456189241 -96.803145857 43.456189241
POLYGON_POINT -96.803171309 43.456254177 -96.803171309 43.456254177
POLYGON_POINT -96.803206568 43.456292043 -96.803206568 43.456292043
POLYGON_POINT -96.803370248 43.456261626 -96.803370248 43.456261626
POLYGON_POINT -96.803346423 43.456193401 -96.803346423 43.456193401
END_WINDING
END_POLYGON
BEGIN_POLYGON 1 74 4
BEGIN_WINDING
POLYGON_POINT -96.803899922 43.456085288 -96.803899922 43.456085288
POLYGON_POINT -96.803847651 43.455938410 -96.803847651 43.455938410
POLYGON_POINT -96.803758687 43.455955161 -96.803758687 43.455955161
POLYGON_POINT -96.803728708 43.455875725 -96.803728708 43.455875725
POLYGON_POINT -96.803816859 43.455857794 -96.803816859 43.455857794
POLYGON_POINT -96.803763634 43.455704671 -96.803763634 43.455704671
POLYGON_POINT -96.803674016 43.455721777 -96.803674016 43.455721777
POLYGON_POINT -96.803647205 43.455646172 -96.803647205 43.455646172
POLYGON_POINT -96.803735606 43.455629891 -96.803735606 43.455629891
POLYGON_POINT -96.803667890 43.455437403 -96.803667890 43.455437403
POLYGON_POINT -96.803466417 43.455477132 -96.803466417 43.455477132
POLYGON_POINT -96.803439120 43.455409203 -96.803439120 43.455409203
POLYGON_POINT -96.803402142 43.455414748 -96.803402142 43.455414748
POLYGON_POINT -96.803361087 43.455399750 -96.803342322 43.455379937
POLYGON_POINT -96.803361087 43.455399750 -96.803361087 43.455399750
POLYGON_POINT -96.803361087 43.455399750 -96.803317379 43.455419196
POLYGON_POINT -96.803327096 43.455461118 -96.803327096 43.455461118
POLYGON_POINT -96.803368777 43.455575804 -96.803368777 43.455575804
POLYGON_POINT -96.803472121 43.455556931 -96.803472121 43.455556931
POLYGON_POINT -96.803499012 43.455631356 -96.803499012 43.455631356
POLYGON_POINT -96.803396805 43.455651587 -96.803396805 43.455651587
POLYGON_POINT -96.803437997 43.455761124 -96.803437997 43.455761124
POLYGON_POINT -96.803541342 43.455741071 -96.803541342 43.455741071
POLYGON_POINT -96.803571400 43.455821336 -96.803571400 43.455821336
POLYGON_POINT -96.803463751 43.455841270 -96.803463751 43.455841270
POLYGON_POINT -96.803534040 43.456034028 -96.803534040 43.456034028
POLYGON_POINT -96.803640956 43.456012267 -96.803640956 43.456012267
POLYGON_POINT -96.803681574 43.456125262 -96.803681574 43.456125262
POLYGON_POINT -96.803574089 43.456145608 -96.803574089 43.456145608
POLYGON_POINT -96.803588132 43.456184524 -96.803588132 43.456184524
POLYGON_POINT -96.803677065 43.456168281 -96.803677065 43.456168281
POLYGON_POINT -96.803689707 43.456200491 -96.803689707 43.456200491
POLYGON_POINT -96.803773987 43.456183509 -96.803773987 43.456183509
POLYGON_POINT -96.803750491 43.456114622 -96.803750491 43.456114622
END_WINDING
END_POLYGON
BEGIN_POLYGON 1 74 2
BEGIN_WINDING
POLYGON_POINT -96.804136851 43.456019667
POLYGON_POINT -96.804074255 43.455844400
POLYGON_POINT -96.803904393 43.455876049
POLYGON_POINT -96.803966621 43.456052316
END_WINDING
END_POLYGON
BEGIN_POLYGON 1 75 2
BEGIN_WINDING
POLYGON_POINT -96.804184787 43.456226308
POLYGON_POINT -96.804132443 43.456084676
POLYGON_POINT -96.803989693 43.456111248
POLYGON_POINT -96.804040545 43.456252850
END_WINDING
END_POLYGON
BEGIN_POLYGON 2 75 2
BEGIN_WINDING
POLYGON_POINT -96.804017241 43.456413316
POLYGON_POINT -96.804003421 43.456369605
POLYGON_POINT -96.803970207 43.456385273
POLYGON_POINT -96.803918455 43.456394674
POLYGON_POINT -96.803915116 43.456383901
POLYGON_POINT -96.803760751 43.456413783
POLYGON_POINT -96.803766739 43.456428618
POLYGON_POINT -96.803682822 43.456443874
POLYGON_POINT -96.803757801 43.456650540
POLYGON_POINT -96.803779985 43.456646969
POLYGON_POINT -96.803797595 43.456687496
POLYGON_POINT -96.803938534 43.456660653
POLYGON_POINT -96.803859760 43.456435688
POLYGON_POINT -96.803983279 43.456411860
END_WINDING
END_POLYGON
BEGIN_POLYGON 2 74 2
BEGIN_WINDING
POLYGON_POINT -96.804258573 43.456450155
POLYGON_POINT -96.804198287 43.456286544
POLYGON_POINT -96.804151028 43.456295162
POLYGON_POINT -96.804159440 43.456313702
POLYGON_POINT -96.804094981 43.456327342
POLYGON_POINT -96.804067198 43.456329222
POLYGON_POINT -96.804121763 43.456475824
END_WINDING
END_POLYGON
BEGIN_POLYGON 2 74 2
BEGIN_WINDING
POLYGON_POINT -96.804268673 43.456603806
POLYGON_POINT -96.804316036 43.456596225
POLYGON_POINT -96.804275833 43.456473092
POLYGON_POINT -96.804219664 43.456481102
POLYGON_POINT -96.804241281 43.456534009
POLYGON_POINT -96.804148127 43.456551085
POLYGON_POINT -96.804159137 43.456583892
POLYGON_POINT -96.804251708 43.456567004
END_WINDING
END_POLYGON
BEGIN_POLYGON 2 90 4
BEGIN_WINDING
POLYGON_POINT -96.804288712 43.456750553 -96.804288712 43.456750553
POLYGON_POINT -96.804285987 43.456605482 -96.804285987 43.456605482
POLYGON_POINT -96.804245329 43.456605752 -96.804245329 43.456605752
POLYGON_POINT -96.804246367 43.456616657 -96.804246367 43.456616657
POLYGON_POINT -96.804165704 43.456611134 -96.804165704 43.456611134
POLYGON_POINT -96.804191572 43.456677316 -96.804191572 43.456677316
POLYGON_POINT -96.804188329 43.456688774 -96.804188329 43.456688774
POLYGON_POINT -96.804124663 43.456703591 -96.804124663 43.456703591
POLYGON_POINT -96.804253584 43.456749986 -96.804342293 43.456750481
POLYGON_POINT -96.804253584 43.456749986 -96.804253584 43.456749986
POLYGON_POINT -96.804253584 43.456749986 -96.804267914 43.456750481
END_WINDING
END_POLYGON
BEGIN_POLYGON 1 90 2
BEGIN_WINDING
POLYGON_POINT -96.805466843 43.460152111
POLYGON_POINT -96.805668342 43.460150817
POLYGON_POINT -96.805668342 43.459831115
POLYGON_POINT -96.805484675 43.459831115
END_WINDING
END_POLYGON
BEGIN_POLYGON 2 90 2
BEGIN_WINDING
POLYGON_POINT -96.806352223 43.450058325
POLYGON_POINT -96.806356283 43.449948123
POLYGON_POINT -96.805596878 43.449942369
POLYGON_POINT -96.805594277 43.449715412
POLYGON_POINT -96.805459702 43.449719019
POLYGON_POINT -96.805467893 43.449821709
POLYGON_POINT -96.805056332 43.449820236
POLYGON_POINT -96.805056456 43.449713109
POLYGON_POINT -96.804923127 43.449709309
POLYGON_POINT -96.804916717 43.450159025
POLYGON_POINT -96.806185165 43.450151603
POLYGON_POINT -96.806187125 43.450060005
END_WINDING
END_POLYGON
BEGIN_POLYGON 3 90 2
BEGIN_WINDING
POLYGON_POINT -96.806349454 43.450973077
POLYGON_POINT -96.806341936 43.450735506
POLYGON_POINT -96.806283116 43.450766805
POLYGON_POINT -96.806245521 43.450768005
POLYGON_POINT -96.806206142 43.450759178
POLYGON_POINT -96.806205436 43.450683378
POLYGON_POINT -96.805995214 43.450685787
POLYGON_POINT -96.805994195 43.451095542
POLYGON_POINT -96.806205854 43.451097247
POLYGON_POINT -96.806210347 43.450934809
POLYGON_POINT -96.806284489 43.450919691
END_WINDING
END_POLYGON
BEGIN_POLYGON 4 90 2
BEGIN_WINDING
POLYGON_POINT -96.806213434 43.452045702
POLYGON_POINT -96.806212776 43.451973721
POLYGON_POINT -96.806361657 43.451975872
POLYGON_POINT -96.806360635 43.451887389
POLYGON_POINT -96.806214904 43.451888864
POLYGON_POINT -96.806208896 43.451549271
POLYGON_POINT -96.806366624 43.451547124
POLYGON_POINT -96.806363715 43.451464827
POLYGON_POINT -96.806208085 43.451460594
POLYGON_POINT -96.806142957 43.451454728
POLYGON_POINT -96.806147588 43.451383677
POLYGON_POINT -96.804300681 43.451355273
POLYGON_POINT -96.804300365 43.452043058
END_WINDING
END_POLYGON
BEGIN_POLYGON 0 90 2
BEGIN_WINDING
POLYGON_POINT -96.806356082 43.454120229
POLYGON_POINT -96.806356082 43.454043863
POLYGON_POINT -96.806015529 43.454028331
POLYGON_POINT -96.806019095 43.454116346
END_WINDING
END_POLYGON
BEGIN_POLYGON 5 90 2
BEGIN_WINDING
POLYGON_POINT -96.806009110 43.454879285
POLYGON_POINT -96.805975869 43.454847324
POLYGON_POINT -96.805975852 43.454681582
POLYGON_POINT -96.805849879 43.454683147
POLYGON_POINT -96.805849194 43.454835035
POLYGON_POINT -96.805813803 43.454878262
END_WINDING
END_POLYGON
BEGIN_POLYGON 5 90 2
BEGIN_WINDING
POLYGON_POINT -96.805972452 43.455129153
POLYGON_POINT -96.805967394 43.454921545
POLYGON_POINT -96.805904615 43.454921967
POLYGON_POINT -96.805907435 43.455125179
END_WINDING
END_POLYGON
BEGIN_POLYGON 5 90 2
BEGIN_WINDING
POLYGON_POINT -96.805562544 43.455109839
POLYGON_POINT -96.805565481 43.454906604
POLYGON_POINT -96.805403782 43.454907106
POLYGON_POINT -96.805401370 43.455107608
END_WINDING
END_POLYGON
BEGIN_POLYGON 5 90 2
BEGIN_WINDING
POLYGON_POINT -96.805359206 43.455253510
POLYGON_POINT -96.805359206 43.455194000
POLYGON_POINT -96.805200413 43.455196057
POLYGON_POINT -96.805200342 43.455134610
POLYGON_POINT -96.805100564 43.455135500
POLYGON_POINT -96.805095668 43.455255163
END_WINDING
END_POLYGON
BEGIN_POLYGON 2 90 2
BEGIN_WINDING
POLYGON_POINT -96.805075755 43.455739097
POLYGON_POINT -96.805075879 43.455666965
POLYGON_POINT -96.804940563 43.455670818
POLYGON_POINT -96.804942139 43.455536049
POLYGON_POINT -96.805071540 43.455538294
POLYGON_POINT -96.805076972 43.455483983
POLYGON_POINT -96.804834950 43.455485046
POLYGON_POINT -96.804835336 43.455717738
POLYGON_POINT -96.804499962 43.455722834
POLYGON_POINT -96.804503907 43.455895529
POLYGON_POINT -96.804946852 43.455896297
POLYGON_POINT -96.804942152 43.455739261
END_WINDING
END_POLYGON
BEGIN_POLYGON 3 90 2
BEGIN_WINDING
POLYGON_POINT -96.805045882 43.456108961
POLYGON_POINT -96.805047737 43.456018911
POLYGON_POINT -96.804999673 43.456040730
POLYGON_POINT -96.804814713 43.456038229
POLYGON_POINT -96.804815413 43.456092613
POLYGON_POINT -96.804993800 43.456094035
END_WINDING
END_POLYGON
BEGIN_POLYGON 3 90 2
BEGIN_WINDING
POLYGON_POINT -96.805045428 43.456352169
POLYGON_POINT -96.805043295 43.456285418
POLYGON_POINT -96.804998097 43.456299610
POLYGON_POINT -96.804790189 43.456301493
POLYGON_POINT -96.804788945 43.456337243
POLYGON_POINT -96.804994778 43.456338392
END_WINDING
END_POLYGON
BEGIN_POLYGON 3 90 2
BEGIN_WINDING
POLYGON_POINT -96.805343027 43.456958654
POLYGON_POINT -96.805340440 43.456914617
POLYGON_POINT -96.805303208 43.456914831
POLYGON_POINT -96.805298322 43.456932133
POLYGON_POINT -96.805156896 43.456933605
POLYGON_POINT -96.805116821 43.456919788
POLYGON_POINT -96.805117058 43.456977161
POLYGON_POINT -96.805159205 43.456963323
END_WINDING
END_POLYGON
BEGIN_POLYGON 3 90 2
BEGIN_WINDING
POLYGON_POINT -96.805353550 43.456685114
POLYGON_POINT -96.805354179 43.456628949
POLYGON_POINT -96.805141301 43.456630295
POLYGON_POINT -96.805114954 43.456607823
POLYGON_POINT -96.805114971 43.456702800
POLYGON_POINT -96.805141476 43.456685040
END_WINDING
END_POLYGON
BEGIN_POLYGON 3 90 2
BEGIN_WINDING
POLYGON_POINT -96.804993988 43.456625246
POLYGON_POINT -96.805045769 43.456648133
POLYGON_POINT -96.805047132 43.456558805
POLYGON_POINT -96.804996822 43.456574541
POLYGON_POINT -96.804817019 43.456576749
POLYGON_POINT -96.804817823 43.456626517
END_WINDING
END_POLYGON
BEGIN_POLYGON 3 90 2
BEGIN_WINDING
POLYGON_POINT -96.805043644 43.457377697
POLYGON_POINT -96.805043147 43.457095254
POLYGON_POINT -96.804994234 43.457105146
POLYGON_POINT -96.804681473 43.457105954
POLYGON_POINT -96.804677103 43.457364777
POLYGON_POINT -96.804992825 43.457362393
END_WINDING
END_POLYGON
BEGIN_POLYGON 3 90 2
BEGIN_WINDING
POLYGON_POINT -96.804915581 43.457734674
POLYGON_POINT -96.804889831 43.457699983
POLYGON_POINT -96.804892184 43.457583491
POLYGON_POINT -96.804961272 43.457526869
POLYGON_POINT -96.804995755 43.457527125
POLYGON_POINT -96.805050531 43.457545476
POLYGON_POINT -96.805044977 43.457391768
POLYGON_POINT -96.805001573 43.457403682
POLYGON_POINT -96.804758730 43.457403578
POLYGON_POINT -96.804760761 43.457536281
POLYGON_POINT -96.804822540 43.457582982
POLYGON_POINT -96.804819860 43.457699260
POLYGON_POINT -96.804798412 43.457734599
END_WINDING
END_POLYGON
BEGIN_POLYGON 6 90 4
BEGIN_WINDING
POLYGON_POINT -96.805062560 43.458243731 -96.805062560 43.458243731
POLYGON_POINT -96.805058436 43.458102110 -96.805058436 43.458102110
POLYGON_POINT -96.804980875 43.458146079 -96.804930938 43.458148211
POLYGON_POINT -96.804920188 43.458129851 -96.804920188 43.458129851
POLYGON_POINT -96.804920642 43.457967893 -96.804920642 43.457967893
POLYGON_POINT -96.804920642 43.457967893 -96.804930434 43.457895396
POLYGON_POINT -96.805010427 43.457872666 -96.805010427 43.457872666
POLYGON_POINT -96.805052547 43.457873813 -96.805052547 43.457873813
POLYGON_POINT -96.805049364 43.457773171 -96.805049364 43.457773171
POLYGON_POINT -96.804944155 43.457771268 -96.804944155 43.457771268
POLYGON_POINT -96.804930568 43.457810052 -96.804930568 43.457810052
POLYGON_POINT -96.804846903 43.457894523 -96.804791091 43.457920820
POLYGON_POINT -96.804846903 43.457894523 -96.804846903 43.457894523
POLYGON_POINT -96.804846903 43.457894523 -96.804498323 43.458092112
POLYGON_POINT -96.804449082 43.458157887 -96.804449082 43.458157887
POLYGON_POINT -96.804444517 43.458256928 -96.804444517 43.458256928
POLYGON_POINT -96.804934021 43.458263400 -96.804934021 43.458263400
POLYGON_POINT -96.804975108 43.458242582 -96.804975108 43.458242582
END_WINDING
END_POLYGON
BEGIN_POLYGON 2 90 2
BEGIN_WINDING
POLYGON_POINT -96.805037114 43.458817299
POLYGON_POINT -96.805048894 43.458519882
POLYGON_POINT -96.804583861 43.458521517
POLYGON_POINT -96.804583287 43.458689653
POLYGON_POINT -96.804775644 43.458688086
POLYGON_POINT -96.804771427 43.458809438
END_WINDING
END_POLYGON
BEGIN_POLYGON 1 90 2
BEGIN_WINDING
POLYGON_POINT -96.805309681 43.458102012
POLYGON_POINT -96.805311815 43.458051024
POLYGON_POINT -96.805146489 43.458050987
POLYGON_POINT -96.805103293 43.458036936
POLYGON_POINT -96.805103922 43.458118157
POLYGON_POINT -96.805146487 43.458101774
END_WINDING
END_POLYGON
BEGIN_POLYGON 1 90 2
BEGIN_WINDING
POLYGON_POINT -96.805306396 43.459099491
POLYGON_POINT -96.805309962 43.459043835
POLYGON_POINT -96.805159417 43.459046221
POLYGON_POINT -96.805106775 43.459029861
POLYGON_POINT -96.805108832 43.459117082
POLYGON_POINT -96.805156023 43.459100728
END_WINDING
END_POLYGON
BEGIN_POLYGON 5 90 2
BEGIN_WINDING
POLYGON_POINT -96.805947737 43.458412872
POLYGON_POINT -96.805949285 43.458349978
POLYGON_POINT -96.805848764 43.458349502
POLYGON_POINT -96.805849420 43.458413713
END_WINDING
END_POLYGON
BEGIN_POLYGON 5 90 2
BEGIN_WINDING
POLYGON_POINT -96.805496938 43.458413065
POLYGON_POINT -96.805499288 43.458335780
POLYGON_POINT -96.805327299 43.458336458
POLYGON_POINT -96.805326677 43.458372629
POLYGON_POINT -96.805273183 43.458372629
POLYGON_POINT -96.805270212 43.458415046
END_WINDING
END_POLYGON
BEGIN_POLYGON 4 90 4
BEGIN_WINDING
POLYGON_POINT -96.805386118 43.457975698 -96.805386118 43.457975698
POLYGON_POINT -96.805389090 43.457878330 -96.805389090 43.457878330
POLYGON_POINT -96.805298243 43.457874994 -96.805276701 43.457870019
POLYGON_POINT -96.805298243 43.457874994 -96.805298243 43.457874994
POLYGON_POINT -96.805298243 43.457874994 -96.805258097 43.457856514
POLYGON_POINT -96.805234060 43.457820857 -96.805234060 43.457820857
POLYGON_POINT -96.805230061 43.457801330 -96.805230061 43.457801330
POLYGON_POINT -96.805121764 43.457794038 -96.805121764 43.457794038
POLYGON_POINT -96.805126726 43.457839007 -96.805126726 43.457839007
POLYGON_POINT -96.805217111 43.457913871 -96.805235715 43.457955805
POLYGON_POINT -96.805217111 43.457913871 -96.805217111 43.457913871
POLYGON_POINT -96.805217111 43.457913871 -96.805230819 43.457939458
POLYGON_POINT -96.805256903 43.457964487 -96.805256903 43.457964487
POLYGON_POINT -96.805258501 43.457974302 -96.805258501 43.457974302
END_WINDING
END_POLYGON
BEGIN_POLYGON 0 90 2
BEGIN_WINDING
POLYGON_POINT -96.805658601 43.457930771
POLYGON_POINT -96.805659297 43.457819286
POLYGON_POINT -96.805684008 43.457785895
POLYGON_POINT -96.805468659 43.457786523
POLYGON_POINT -96.805515113 43.457809833
POLYGON_POINT -96.805532966 43.457818732
POLYGON_POINT -96.805513538 43.457827200
POLYGON_POINT -96.805536747 43.457857087
POLYGON_POINT -96.805535578 43.457929125
END_WINDING
END_POLYGON
BEGIN_POLYGON 0 90 2
BEGIN_WINDING
POLYGON_POINT -96.805943083 43.457896092
POLYGON_POINT -96.805944276 43.457833283
POLYGON_POINT -96.806191700 43.457832718
POLYGON_POINT -96.806192411 43.457784097
POLYGON_POINT -96.805831484 43.457779347
POLYGON_POINT -96.805830582 43.457896511
END_WINDING
END_POLYGON
BEGIN_POLYGON 7 75 4
BEGIN_WINDING
POLYGON_POINT -96.803347293 43.457443163 -96.803347293 43.457443163
POLYGON_POINT -96.803319254 43.457374897 -96.803319254 43.457374897
POLYGON_POINT -96.803234592 43.457391771 -96.803234592 43.457391771
POLYGON_POINT -96.803232484 43.457385583 -96.803231913 43.457383648
POLYGON_POINT -96.803232484 43.457385583 -96.803232484 43.457385583
POLYGON_POINT -96.803232484 43.457385583 -96.803162476 43.457397025
POLYGON_POINT -96.803134033 43.457359970 -96.803134033 43.457359970
POLYGON_POINT -96.803125145 43.457361830 -96.803125145 43.457361830
POLYGON_POINT -96.803185781 43.457530028 -96.803185781 43.457530028
POLYGON_POINT -96.803195541 43.457527684 -96.803195541 43.457527684
POLYGON_POINT -96.803257280 43.457468245 -96.803326112 43.457453129
POLYGON_POINT -96.803257280 43.457468245 -96.803257280 43.457468245
POLYGON_POINT -96.803257280 43.457468245 -96.803256451 43.457465856
POLYGON_POINT -96.803255057 43.457462181 -96.803255057 43.457462181
END_WINDING
END_POLYGON
BEGIN_POLYGON 7 75 4
BEGIN_WINDING
POLYGON_POINT -96.802183010 43.454081216 -96.802183010 43.454081216
POLYGON_POINT -96.802158054 43.454008815 -96.802158054 43.454008815
POLYGON_POINT -96.801991928 43.454008198 -96.801991928 43.454008198
POLYGON_POINT -96.801992166 43.454001715 -96.801992735 43.453999238
POLYGON_POINT -96.801992166 43.454001715 -96.801992166 43.454001715
POLYGON_POINT -96.801992166 43.454001715 -96.801919382 43.453998413
POLYGON_POINT -96.801895926 43.453944279 -96.801895926 43.453944279
POLYGON_POINT -96.801970034 43.454157619 -96.801970034 43.454157619
POLYGON_POINT -96.801979525 43.454155219 -96.801979525 43.454155219
POLYGON_POINT -96.802073657 43.454083705 -96.802181127 43.454079164
POLYGON_POINT -96.802073657 43.454083705 -96.802073657 43.454083705
POLYGON_POINT -96.802073657 43.454083705 -96.802074226 43.454080816
POLYGON_POINT -96.802073860 43.454076315 -96.802073860 43.454076315
POLYGON_POINT -96.802168343 43.454075479 -96.802168343 43.454075479
END_WINDING
END_POLYGON
BEGIN_POLYGON 7 75 4
BEGIN_WINDING
POLYGON_POINT -96.802653636 43.455426123 -96.802653636 43.455426123
POLYGON_POINT -96.802626488 43.455348542 -96.802626488 43.455348542
POLYGON_POINT -96.802504724 43.455371504 -96.802504724 43.455371504
POLYGON_POINT -96.802500371 43.455360951 -96.802499234 43.455356823
POLYGON_POINT -96.802500371 43.455360951 -96.802500371 43.455360951
POLYGON_POINT -96.802500371 43.455360951 -96.802421899 43.455363428
POLYGON_POINT -96.802397297 43.455297528 -96.802397297 43.455297528
POLYGON_POINT -96.802382047 43.455300519 -96.802382047 43.455300519
POLYGON_POINT -96.802470159 43.455544935 -96.802470159 43.455544935
POLYGON_POINT -96.802484668 43.455541468 -96.802484668 43.455541468
POLYGON_POINT -96.802535499 43.455461400 -96.802608853 43.455441999
POLYGON_POINT -96.802535499 43.455461400 -96.802535499 43.455461400
POLYGON_POINT -96.802535499 43.455461400 -96.802533793 43.455456034
POLYGON_POINT -96.802531958 43.455450910 -96.802531958 43.455450910
END_WINDING
END_POLYGON
BEGIN_POLYGON 7 75 4
BEGIN_WINDING
POLYGON_POINT -96.802279293 43.455282449 -96.802279293 43.455282449
POLYGON_POINT -96.802173291 43.454988059 -96.802173291 43.454988059
POLYGON_POINT -96.802165456 43.454989728 -96.802165456 43.454989728
POLYGON_POINT -96.802036003 43.455124323 -96.801902852 43.455148415
POLYGON_POINT -96.802036003 43.455124323 -96.802036003 43.455124323
POLYGON_POINT -96.802036003 43.455124323 -96.802036955 43.455127088
POLYGON_POINT -96.802038330 43.455131082 -96.802038330 43.455131082
POLYGON_POINT -96.801768029 43.455182390 -96.801768029 43.455182390
POLYGON_POINT -96.801766076 43.455175740 -96.801765415 43.455173724
POLYGON_POINT -96.801766076 43.455175740 -96.801766076 43.455175740
POLYGON_POINT -96.801766076 43.455175740 -96.801550597 43.455208696
POLYGON_POINT -96.801500508 43.455063738 -96.801500508 43.455063738
POLYGON_POINT -96.801488983 43.455065530 -96.801488983 43.455065530
POLYGON_POINT -96.801627350 43.455450803 -96.801627350 43.455450803
POLYGON_POINT -96.801638135 43.455448879 -96.801638135 43.455448879
POLYGON_POINT -96.801794573 43.455256597 -96.802006863 43.455204986
POLYGON_POINT -96.801794573 43.455256597 -96.801794573 43.455256597
POLYGON_POINT -96.801794573 43.455256597 -96.801794022 43.455255317
POLYGON_POINT -96.801791888 43.455250505 -96.801791888 43.455250505
POLYGON_POINT -96.802059777 43.455199704 -96.802059777 43.455199704
POLYGON_POINT -96.802061412 43.455204983 -96.802062047 43.455206941
POLYGON_POINT -96.802061412 43.455204983 -96.802061412 43.455204983
POLYGON_POINT -96.802061412 43.455204983 -96.802217474 43.455185270
POLYGON_POINT -96.802269857 43.455284185 -96.802269857 43.455284185
END_WINDING
END_POLYGON
BEGIN_POLYGON 7 75 4
BEGIN_WINDING
POLYGON_POINT -96.803831409 43.459599203 -96.803831409 43.459599203
POLYGON_POINT -96.803751807 43.459371962 -96.803751807 43.459371962
POLYGON_POINT -96.803741933 43.459373994 -96.803741933 43.459373994
POLYGON_POINT -96.803584691 43.459566757 -96.803378516 43.459614323
POLYGON_POINT -96.803584691 43.459566757 -96.803584691 43.459566757
POLYGON_POINT -96.803584691 43.459566757 -96.803585514 43.459569743
POLYGON_POINT -96.803587384 43.459573943 -96.803587384 43.459573943
POLYGON_POINT -96.803363265 43.459616698 -96.803363265 43.459616698
POLYGON_POINT -96.803360381 43.459609419 -96.803359284 43.459606234
POLYGON_POINT -96.803360381 43.459609419 -96.803360381 43.459609419
POLYGON_POINT -96.803360381 43.459609419 -96.803144325 43.459641320
POLYGON_POINT -96.803097872 43.459497371 -96.803097872 43.459497371
POLYGON_POINT -96.803083984 43.459499720 -96.803083984 43.459499720
POLYGON_POINT -96.803165322 43.459726282 -96.803165322 43.459726282
END_WINDING
END_POLYGON
BEGIN_POLYGON 7 75 4
BEGIN_WINDING
POLYGON_POINT -96.800427666 43.450140054 -96.800427666 43.450140054
POLYGON_POINT -96.800346288 43.449913088 -96.800346288 43.449913088
POLYGON_POINT -96.799682317 43.450040240 -96.799682317 43.450040240
POLYGON_POINT -96.799765298 43.450270698 -96.799765298 43.450270698
POLYGON_POINT -96.799775313 43.450268860 -96.799775313 43.450268860
POLYGON_POINT -96.799929324 43.450073024 -96.800142240 43.450019857
POLYGON_POINT -96.799929324 43.450073024 -96.799929324 43.450073024
POLYGON_POINT -96.799929324 43.450073024 -96.799928663 43.450071296
POLYGON_POINT -96.799926790 43.450066942 -96.799926790 43.450066942
POLYGON_POINT -96.800152405 43.450023298 -96.800152405 43.450023298
POLYGON_POINT -96.800154606 43.450028927 -96.800155749 43.450031415
POLYGON_POINT -96.800154606 43.450028927 -96.800154606 43.450028927
POLYGON_POINT -96.800154606 43.450028927 -96.800367206 43.449993314
POLYGON_POINT -96.800420428 43.450141483 -96.800420428 43.450141483
END_WINDING
END_POLYGON
BEGIN_POLYGON 7 165 2
BEGIN_WINDING
POLYGON_POINT -96.803925259 43.459581297
POLYGON_POINT -96.803185781 43.457530028
POLYGON_POINT -96.803125145 43.457361830
POLYGON_POINT -96.802470159 43.455544935
POLYGON_POINT -96.802382047 43.455300519
POLYGON_POINT -96.801970034 43.454157619
POLYGON_POINT -96.801895926 43.453944279
POLYGON_POINT -96.800438346 43.449895459
POLYGON_POINT -96.800346288 43.449913088
POLYGON_POINT -96.800427666 43.450140054
POLYGON_POINT -96.802173291 43.454988059
POLYGON_POINT -96.802279293 43.455282449
POLYGON_POINT -96.803751807 43.459371962
POLYGON_POINT -96.803831409 43.459599203
END_WINDING
END_POLYGON
BEGIN_POLYGON 7 75 4
BEGIN_WINDING
POLYGON_POINT -96.801791888 43.455250505 -96.801791888 43.455250505
POLYGON_POINT -96.802059777 43.455199704 -96.802059777 43.455199704
POLYGON_POINT -96.802061412 43.455204983 -96.802062047 43.455206941
POLYGON_POINT -96.802061412 43.455204983 -96.802061412 43.455204983
POLYGON_POINT -96.802061412 43.455204983 -96.802217474 43.455185270
POLYGON_POINT -96.802269857 43.455284185 -96.802269857 43.455284185
POLYGON_POINT -96.802279293 43.455282449 -96.802279293 43.455282449
POLYGON_POINT -96.802173291 43.454988059 -96.802173291 43.454988059
POLYGON_POINT -96.802165456 43.454989728 -96.802165456 43.454989728
POLYGON_POINT -96.802036003 43.455124323 -96.801902852 43.455148415
POLYGON_POINT -96.802036003 43.455124323 -96.802036003 43.455124323
POLYGON_POINT -96.802036003 43.455124323 -96.802036955 43.455127088
POLYGON_POINT -96.802038330 43.455131082 -96.802038330 43.455131082
POLYGON_POINT -96.801768029 43.455182390 -96.801768029 43.455182390
POLYGON_POINT -96.801766076 43.455175740 -96.801765415 43.455173724
POLYGON_POINT -96.801766076 43.455175740 -96.801766076 43.455175740
POLYGON_POINT -96.801766076 43.455175740 -96.801550597 43.455208696
POLYGON_POINT -96.801500508 43.455063738 -96.801500508 43.455063738
POLYGON_POINT -96.801488983 43.455065530 -96.801488983 43.455065530
POLYGON_POINT -96.801627350 43.455450803 -96.801627350 43.455450803
POLYGON_POINT -96.801638135 43.455448879 -96.801638135 43.455448879
POLYGON_POINT -96.801794573 43.455256597 -96.802006863 43.455204986
POLYGON_POINT -96.801794573 43.455256597 -96.801794573 43.455256597
POLYGON_POINT -96.801794573 43.455256597 -96.801794022 43.455255317
END_WINDING
END_POLYGON
BEGIN_POLYGON 7 75 4
BEGIN_WINDING
POLYGON_POINT -96.801408406 43.455491152 -96.801408406 43.455491152
POLYGON_POINT -96.801270081 43.455105381 -96.801270081 43.455105381
POLYGON_POINT -96.801260251 43.455107082 -96.801260251 43.455107082
POLYGON_POINT -96.801106829 43.455300165 -96.800901940 43.455342658
POLYGON_POINT -96.801106829 43.455300165 -96.801106829 43.455300165
POLYGON_POINT -96.801106829 43.455300165 -96.801108014 43.455303032
POLYGON_POINT -96.801109837 43.455307210 -96.801109837 43.455307210
POLYGON_POINT -96.801064199 43.455316577 -96.801064199 43.455316577
POLYGON_POINT -96.801088366 43.455382747 -96.801088366 43.455382747
POLYGON_POINT -96.801133843 43.455374590 -96.801133843 43.455374590
POLYGON_POINT -96.801135815 43.455380688 -96.801136605 43.455383268
POLYGON_POINT -96.801135815 43.455380688 -96.801135815 43.455380688
POLYGON_POINT -96.801135815 43.455380688 -96.801351549 43.455355034
POLYGON_POINT -96.801399010 43.455492897 -96.801399010 43.455492897
END_WINDING
END_POLYGON
BEGIN_POLYGON 3 270 4
BEGIN_WINDING
POLYGON_POINT -96.802206301 43.454147774 -96.802206301 43.454147774
POLYGON_POINT -96.802975319 43.454152876 -96.802975319 43.454152876
POLYGON_POINT -96.802963652 43.454119535 -96.802963652 43.454119535
POLYGON_POINT -96.802995180 43.454086714 -96.803031114 43.454084707
POLYGON_POINT -96.802995180 43.454086714 -96.802995180 43.454086714
POLYGON_POINT -96.802995180 43.454086714 -96.803003867 43.454086427
POLYGON_POINT -96.803082935 43.454086468 -96.803082935 43.454086468
POLYGON_POINT -96.803251548 43.454085996 -96.803251548 43.454085996
POLYGON_POINT -96.803448034 43.454088483 -96.803448034 43.454088483
POLYGON_POINT -96.803512855 43.454088737 -96.803512855 43.454088737
POLYGON_POINT -96.803647962 43.454089265 -96.803647962 43.454089265
POLYGON_POINT -96.803943415 43.454091033 -96.803943415 43.454091033
POLYGON_POINT -96.804086062 43.454092632 -96.804094023 43.454093458
POLYGON_POINT -96.804086062 43.454092632 -96.804086062 43.454092632
POLYGON_POINT -96.804086062 43.454092632 -96.804153160 43.454116160
POLYGON_POINT -96.804150181 43.454164669 -96.804150181 43.454164669
POLYGON_POINT -96.804149321 43.454315554 -96.804149321 43.454315554
POLYGON_POINT -96.804136709 43.454327224 -96.804136709 43.454327224
POLYGON_POINT -96.804249580 43.454331595 -96.804249580 43.454331595
POLYGON_POINT -96.804508851 43.454333443 -96.804508851 43.454333443
POLYGON_POINT -96.804508851 43.454346208 -96.804508851 43.454346208
POLYGON_POINT -96.804564207 43.454345723 -96.804564207 43.454345723
POLYGON_POINT -96.804564892 43.454263490 -96.804564892 43.454263490
POLYGON_POINT -96.806006187 43.454277958 -96.806006187 43.454277958
POLYGON_POINT -96.806008802 43.453857819 -96.806008802 43.453857819
POLYGON_POINT -96.805063919 43.453854989 -96.805063919 43.453854989
POLYGON_POINT -96.805058259 43.454035770 -96.805058259 43.454035770
POLYGON_POINT -96.804984683 43.454035790 -96.804984683 43.454035790
POLYGON_POINT -96.804761881 43.454035851 -96.804761881 43.454035851
POLYGON_POINT -96.804608311 43.454033791 -96.804600350 43.454033378
POLYGON_POINT -96.804608311 43.454033791 -96.804608311 43.454033791
POLYGON_POINT -96.804608311 43.454033791 -96.804520743 43.454009024
POLYGON_POINT -96.804534510 43.453952759 -96.804534510 43.453952759
POLYGON_POINT -96.804528462 43.453952186 -96.804528462 43.453952186
POLYGON_POINT -96.804529578 43.453886033 -96.804529578 43.453886033
POLYGON_POINT -96.804473532 43.453848870 -96.804473532 43.453848870
POLYGON_POINT -96.804340005 43.453846042 -96.804340005 43.453846042
POLYGON_POINT -96.804156158 43.453843438 -96.804156158 43.453843438
POLYGON_POINT -96.804151738 43.453969512 -96.804151738 43.453969512
POLYGON_POINT -96.804064667 43.454020744 -96.803997569 43.454027348
POLYGON_POINT -96.804064667 43.454020744 -96.804064667 43.454020744
POLYGON_POINT -96.804064667 43.454020744 -96.804053295 43.454020744
POLYGON_POINT -96.803970029 43.454020152 -96.803970029 43.454020152
POLYGON_POINT -96.803602665 43.454016760 -96.803602665 43.454016760
POLYGON_POINT -96.803537409 43.454016351 -96.803537409 43.454016351
POLYGON_POINT -96.803483704 43.454015878 -96.803483704 43.454015878
POLYGON_POINT -96.803407620 43.454015885 -96.803407620 43.454015885
POLYGON_POINT -96.802481770 43.454008016 -96.802481770 43.454008016
POLYGON_POINT -96.802158054 43.454008815 -96.802158054 43.454008815
POLYGON_POINT -96.802183010 43.454081216 -96.802183010 43.454081216
END_WINDING
END_POLYGON
BEGIN_POLYGON 8 511 2
BEGIN_WINDING
POLYGON_POINT -96.805895826 43.460784696
POLYGON_POINT -96.806158093 43.460756448
POLYGON_POINT -96.806219006 43.460697495
POLYGON_POINT -96.806217314 43.460082177
END_WINDING
END_POLYGON
BEGIN_POLYGON 9 767 2
BEGIN_WINDING
POLYGON_POINT -96.804403518 43.456158145
POLYGON_POINT -96.804395059 43.456045152
POLYGON_POINT -96.804464427 43.455930931
POLYGON_POINT -96.804437357 43.455869522
POLYGON_POINT -96.804427205 43.455795832
POLYGON_POINT -96.804447508 43.455730738
POLYGON_POINT -96.804158192 43.455241923
POLYGON_POINT -96.804004228 43.455171917
END_WINDING
END_POLYGON
FILTER -1
FILTER 0
FILTER -1
FILTER 0
FILTER -1
FILTER 0
FILTER -1
FILTER 0
FILTER -1
FILTER 0
OBJECT 0 -96.804304083 43.451368643 326.888763
OBJECT 1 -96.799830480 43.454652026 289.177979
OBJECT 1 -96.804858695 43.454699719 0.868045
OBJECT 2 -96.803050441 43.454331194 75.019997
OBJECT 2 -96.804110609 43.457206549 35.660000
OBJECT 2 -96.803353037 43.455138593 76.040001
OBJECT 2 -96.804036911 43.456734355 211.100006
OBJECT 3 -96.803490987 43.454579455 305.089996
OBJECT 3 -96.803204711 43.455515272 255.690002
OBJECT 3 -96.803466396 43.456217631 254.179993
OBJECT 3 -96.803869659 43.456140597 255.449997
OBJECT 3 -96.803610723 43.455435986 254.380005
OBJECT 3 -96.802999466 43.455553079 74.860001
OBJECT 3 -96.803405556 43.455478098 75.070000
OBJECT 3 -96.803664495 43.456175519 75.800003
OBJECT 3 -96.803254157 43.456252554 75.599998
OBJECT 3 -96.805593553 43.458960149 270.540009
OBJECT 4 -96.805244544 43.458259103 359.730011
OBJECT 3 -96.799463216 43.456976237 181.949997
OBJECT 3 -96.804847911 43.458922938 0.000000
OBJECT 3 -96.804432469 43.458918162 359.760010
OBJECT 3 -96.804834752 43.459131708 180.600006
OBJECT 3 -96.804426830 43.459131026 180.000000
OBJECT 4 -96.801536406 43.459069960 162.039993
OBJECT 4 -96.801183375 43.458944698 254.710007
OBJECT 5 -96.801484331 43.459501481 160.539993
OBJECT 2 -96.801770621 43.460695772 257.890015
OBJECT 2 -96.801731369 43.460530721 256.410004
OBJECT 6 -96.801209316 43.458486222 343.029999
OBJECT 6 -96.801123597 43.458492772 161.960007
OBJECT 4 -96.800481828 43.456145539 286.109985
OBJECT 6 -96.801360453 43.458451018 163.330002
OBJECT 3 -96.800024009 43.459392210 73.680000
OBJECT 3 -96.799946184 43.459193264 73.680000
OBJECT 3 -96.799879638 43.459002505 73.680000
OBJECT 3 -96.806141709 43.459024991 270.000000
OBJECT 7 -96.800442974 43.449888032 0.000000
OBJECT 7 -96.803933386 43.459585940 0.000000
OBJECT 7 -96.803823360 43.459607191 0.000000
OBJECT 7 -96.800333782 43.449907683 0.000000
OBJECT 7 -96.799892565 43.449972633 0.000000
OBJECT 7 -96.799935806 43.450091684 0.000000
